8.725721547650888e-9
1.1378150865885794
0.6492840279700053
5.91341056306977e-9
1.3728550463167728
0.0
2.8597181256780443e-8
1.1837105573452001e-7
1.0595509542942187
6.832256187817479e-9
0.0
9.378266411675805e-10
0.0
1.6558894527330257
0.0
0.0
0.0
0.0
1.6751236879439948
0.0
0.0
0.0
0.0
1.7835980464238501
0.3073170970830769
0.7194950617039787
0.6341941334629964
0.12609283752261508
0.7890069892380173
0.0007972810917759567
0.2083616942812034
0.37468922762025614
0.8943007663333299
0.12561750751927203
1.1457240258340931e-5
0.039621227359045205
0.028135151578847314
1.6209215848620355
0.003092765034791443
0.0037399402313120465
0.016932884706958962
0.00025720449038823666
1.6424053654762258
0.015528220403982355
0.010723220872252122
0.2768301473647571
1.6804179209999197e-5
1.4960278617610512
0.3514987193565675
0.5764693058086097
0.6187435822597501
0.2403875228374863
0.5721351604342372
0.019493535614615417
0.36027684475458693
0.42094965189849193
0.6497029404994181
0.2609936790132998
0.002847478238769387
0.14600686097740165
0.1667375578881016
1.3565063536461648
0.06774078191035657
0.06490474760426747
0.11777762420857682
0.015557926416757696
1.421369274351922
0.12041884972528892
0.09335617554060391
0.5084160757368437
0.004526495948462891
1.177299286679915
0.3440388445711169
0.5484134564378667
0.6066957128395294
0.28795112073843404
0.47538494741979836
0.057267154896061497
0.42245070004995044
0.41775239483887433
0.515599732040059
0.3217523845737634
0.016702484048376445
0.20549636205358646
0.24086135209261275
1.1167562556269806
0.1598148278990712
0.13845701136406202
0.1913185790485367
0.05687855789557629
1.2175647402380612
0.2093618030159448
0.16905091221085253
0.5997920144744591
0.027189541197080697
0.9875655701117629
0.34027042649314204
0.5377349807272339
0.5929514961246882
0.3161422272264239
0.4245463886596875
0.09670276940274532
0.4424818755698051
0.40912415947475983
0.44117349955610985
0.34505224125544975
0.038360398505940974
0.23496481985634377
0.2733454952729706
0.9621083673900758
0.22883463925285016
0.1916009386083368
0.23437410626769917
0.10511672679608905
1.069382796519971
0.2662500445169678
0.21861493146265215
0.6295580870583036
0.06322524034101765
0.8721997743939296
0.33990763460222484
0.52789782783278
0.5691586865073351
0.35013498160483714
0.37396378743894615
0.1596607959542076
0.44451414042274495
0.39471646957682155
0.36416942280420767
0.35387238196305737
0.08264724954719392
0.2588619053566905
0.29946503228637467
0.7931957838888217
0.3075826410001796
0.2556459831103533
0.2778205535974089
0.18633684446696266
0.8837360134774288
0.32723026206354255
0.272549903316076
0.631504217493918
0.13782529981275146
0.7417186120371856
0.34180078589092266
0.5223632798546202
0.55287281137165
0.37006225324531067
0.34898883061162683
0.20248644140826494
0.4365674884289763
0.3848124331573383
0.32539619537881903
0.3498466588646329
0.11757202611152333
0.2667360797633464
0.30995661872348007
0.7069431494566695
0.34750457854036765
0.29148509328977257
0.2976026974200647
0.24229558544824042
0.7789388028443964
0.356286587404388
0.2989821603386729
0.6168091526736778
0.19701772424935507
0.6707889947806719
0.34498390384056227
0.5146942472196553
0.5354362056964468
0.3919847729068856
0.32378008771143735
0.2532739415167645
0.42339997636102605
0.3724011882977592
0.2867220408706194
0.33836752822911914
0.16383105090287406
0.2706303408037026
0.3185427152138711
0.620641513442509
0.3872114635166437
0.3294937469932218
0.31400813871795796
0.3078676730116748
0.6717267957571276
0.3815210644521249
0.32299397981362643
0.5885936105622658
0.275491725929995
0.5965187142148725
0.34944640714951414
0.498084976872424
0.5241633532267846
0.4154043861604013
0.29812671896296195
0.30769377443540674
0.4104713699107284
0.35656333047060923
0.24864695042447157
0.3152060608603889
0.2262988408972165
0.2693991095839195
0.32528776081389615
0.5298487536264304
0.43180693259356157
0.3689459851054286
0.32553695800554044
0.37614865677364595
0.5732681430028611
0.40016990585036716
0.3428156949538416
0.5400312309700234
0.3811969226392306
0.5195541703730657
0.3598486785524045
0.48657003027832724
0.5115729813031469
0.42910744444861015
0.2929068017178989
0.3321080598325427
0.39739646146279545
0.3504438741912737
0.23626695060964975
0.2996805398239738
0.2557609176642304
0.267842554618089
0.33475716835175684
0.4868224533427093
0.44521877533247994
0.3890910499519016
0.33691352497497473
0.4062732816981963
0.5227676838635245
0.40916918965672805
0.35694603259667446
0.5097062909610457
0.43100527087949064
0.4859404435491061
0.2589969116877009
0.4352827254200915
0.3588142492079451
0.38930315185906206
0.22259248008628632
0.32068413113676647
0.28844806322727146
0.30369306552289255
0.23457203707122062
0.29548898664083767
0.2616930891028575
0.2677968493723221
0.2778512093111792
0.4185114461007576
0.36770354058600757
0.39032560822892676
0.30598672903176605
0.43697194071762546
0.39738963055659354
0.4188610689562873
0.27304952921651443
0.44221720004487824
0.37463004636242514
0.40443125797483953
